05h 	40 	55 	  	  	  	 
06h 	10 	25 	40 	55 	  	 
07h 	10 	25 	40 	55 	  	 
08h 	10 	24 	40 	53 	  	 
09h 	05 	17 	29 	41 	53 	 
10h 	05 	17 	29 	41 	53 	 
11h 	05 	17 	29 	41 	53 	 
12h 	05 	17 	29 	41 	53 	 
13h 	05 	17 	29 	41 	53 	 
14h 	05 	17 	29 	41 	53 	 
15h 	05 	17 	29 	41 	53 	 
16h 	05 	17 	29 	41 	53 	 
17h 	05 	17 	29 	41 	53 	 
18h 	06 	17 	28 	40 	52 	 
19h 	06 	14 	22 	37 	53 	 
20h 	08 	23 	38 	44 	  	 
21h 	00 	18 	38 	58 	  	 
22h 	18 	38 	58 	  	  	 
23h 	18 	37 	46 	57 	  	 
00h 	24 	  	  	  	  	 
