05h 	25 	40 	54 	  	  	  	 
06h 	09 	23 	39 	53 	  	  	 
07h 	03 	15 	27 	38 	50 	  	 
08h 	02 	14 	25 	37 	48 	  	 
09h 	00 	11 	23 	34 	46 	57 	 
10h 	09 	20 	32 	43 	55 	  	 
11h 	06 	18 	29 	41 	53 	  	 
12h 	04 	16 	27 	39 	51 	  	 
13h 	02 	14 	26 	37 	49 	  	 
14h 	00 	12 	24 	35 	47 	58 	 
15h 	10 	22 	33 	45 	56 	  	 
16h 	08 	19 	31 	42 	54 	  	 
17h 	06 	17 	29 	40 	52 	  	 
18h 	03 	15 	26 	38 	50 	  	 
19h 	01 	13 	25 	37 	48 	  	 
20h 	01 	07 	15 	30 	46 	  	 
21h 	00 	07 	18 	38 	58 	  	 
22h 	18 	38 	57 	  	  	  	 
23h 	17 	37 	59 	  	  	  	 
00h 	04 	24 	  	  	  	  	 
